5 0.3514226159458051 0.5086415094339622 0.02931214174048984 0.06761006289308176
2 0.5028660760812923 0.6249937106918239 0.11073475768629494 0.08018867924528301
2 0.5025429911412195 0.5330188679245284 0.11138613861386139 0.07861635220125786
5 0.8588483585200626 0.37181132075471696 0.008103178738926619 0.018817610062893127
5 0.8928608650338719 0.37051572327044024 0.007946847316310578 0.018452830188679194
5 0.8922511724856697 0.3494842767295598 0.008561750911933213 0.019182389937106917
5 0.7707243355914539 0.3018867924528302 0.009781136008337667 0.028779874213836616
2 0.6211776967170402 0.741937106918239 0.023345492443981337 0.11865408805031437
2 0.6211776967170402 0.6625911949685535 0.023345492443981337 0.06971069182389947
2 0.6205627931214174 0.5906666666666667 0.02089108910891097 0.07711949685534598
2 0.6208702449192288 0.5120503144654088 0.022735799895779108 0.07415094339622648