5 0.2587858259510162 0.5466455696202532 0.02351224596143819 0.0702911392405063
5 0.30544554455445544 0.5361139240506329 0.024955706096925535 0.059746835443038035
5 0.3191922876498176 0.5053544303797468 0.005424700364773362 0.03689873417721516
5 0.5483220427305888 0.5409367088607595 0.018806670140698357 0.04656962025316451
5 0.6600833767587285 0.5475316455696203 0.02025534132360599 0.05096202531645568
5 0.6272016675351745 0.489367088607595 0.004616988014590999 0.012139240506329155
2 0.5821573736321001 0.5124430379746835 0.015216258467951964 0.011582278481012629
2 0.5824231370505472 0.4986455696202532 0.01544033350703497 0.01121518987341774
2 0.5881031787389265 0.484126582278481 0.01544033350703497 0.012316455696202554
0 0.6651849921834289 0.4932784810126582 0.009411151641479909 0.02101265822784813
5 0.9714955706096925 0.5371772151898734 0.01138092756644093 0.032139240506329096
0 0.9713548723293381 0.5048734177215191 0.019062011464304286 0.017962025316455764
3 0.6179207920792079 0.5040506329113924 0.0040333507034912884 0.011632911392405132
0 0.6180458572173007 0.49313924050632907 0.003778009379885357 0.008569620253164534