5 0.2587858259510162 0.4533544303797468 0.023512245961438222 0.0702911392405063
5 0.30544554455445544 0.46388607594936715 0.024955706096925535 0.059746835443038035
5 0.3191922876498176 0.49464556962025313 0.005424700364773362 0.03689873417721516
5 0.5483220427305888 0.45906329113924055 0.018806670140698357 0.04656962025316451
5 0.6600833767587285 0.45246835443037975 0.02025534132360599 0.05096202531645568
5 0.6272016675351745 0.5106329113924051 0.004616988014590999 0.012139240506329155
2 0.5821573736321001 0.48755696202531645 0.015216258467951964 0.011582278481012629
2 0.5824231370505472 0.5013544303797468 0.01544033350703497 0.01121518987341774
2 0.5881031787389265 0.5158734177215191 0.01544033350703497 0.012316455696202554
0 0.6651849921834289 0.5067215189873417 0.009411151641479909 0.02101265822784813
5 0.9714955706096925 0.46282278481012656 0.01138092756644093 0.032139240506329096
0 0.9713548723293381 0.495126582278481 0.019062011464304286 0.017962025316455764
3 0.6179207920792079 0.4959493670886076 0.0040333507034912884 0.011632911392405132
0 0.6180458572173007 0.5068607594936709 0.003778009379885357 0.008569620253164534