5 0.5416240208877284 0.5935491905354919 0.014193211488250626 0.040809464508094626
0 0.5419164490861619 0.6213698630136986 0.010501305483028788 0.014844333748443286
0 0.3522349869451697 0.6320423412204234 0.016919060052219367 0.018542963885429694
5 0.35621932114882504 0.6044458281444582 0.01594255874673628 0.035703611457036065
4 0.7551801566579635 0.6054296388542965 0.036161879895561355 0.012739726027397282
4 0.7556657963446475 0.6245330012453301 0.035921671018276743 0.013312577833125847
3 0.17046475195822455 0.6704358655043586 0.03156657963446478 0.035965130759651444
3 0.17221932114882507 0.6181569115815692 0.025953002610966083 0.040149439601494405
3 0.19589556135770234 0.6223412204234122 0.0164856396866841 0.03679950186799496
3 0.18151436031331594 0.3818555417185554 0.024903394255874702 0.039315068493150744
3 0.20413577023498694 0.3935616438356164 0.020344647519582263 0.039315068493150744
3 0.6977806788511749 0.6337110834371108 0.0060835509138381675 0.01679950186799503
5 0.5258798955613577 0.6345205479452054 0.0037180156657962878 0.009140722291407192