5 0.5416240208877284 0.40645080946450807 0.014193211488250567 0.040809464508094626
0 0.5419164490861619 0.3786301369863014 0.010501305483028788 0.014844333748443286
0 0.3522349869451697 0.36795765877957665 0.016919060052219367 0.018542963885429763
5 0.35621932114882504 0.3955541718555417 0.01594255874673628 0.035703611457036065
4 0.7551801566579635 0.3945703611457036 0.036161879895561355 0.012739726027397282
4 0.7556657963446475 0.37546699875467 0.035921671018276743 0.013312577833125847
3 0.17046475195822455 0.3295641344956413 0.03156657963446478 0.035965130759651444
3 0.17221932114882507 0.3818430884184309 0.025953002610966083 0.040149439601494405
3 0.19589556135770234 0.3776587795765878 0.0164856396866841 0.03679950186799496
3 0.18151436031331594 0.6181444582814446 0.024903394255874702 0.039315068493150605
3 0.20413577023498694 0.6064383561643836 0.020344647519582263 0.039315068493150744
3 0.6977806788511749 0.36628891656288914 0.0060835509138381675 0.01679950186799503
5 0.5258798955613577 0.36547945205479454 0.0037180156657962878 0.009140722291407121