3 0.34070866141732287 0.5256047197640118 0.05679133858267721 0.09029498525073751
5 0.33852362204724407 0.4207374631268436 0.06120078740157475 0.08693215339233046
5 0.9319488188976378 0.4391740412979351 0.056732283464567025 0.08359882005899698
3 0.9575196850393701 0.3429793510324484 0.024251968503937106 0.10657817109144542
5 0.5762598425196851 0.29882005899705016 0.012696850393700877 0.028702064896755215
5 0.6248622047244095 0.2972271386430678 0.014448818897637859 0.01988200589970504
5 0.611023622047244 0.32731563421828913 0.006870078740157499 0.013569321533923371
5 0.818740157480315 0.30079646017699113 0.0162204724409449 0.03017699115044253
5 0.7623425196850393 0.31147492625368733 0.009173228346456631 0.01991150442477876
3 0.8209448818897638 0.3332743362831858 0.01850393700787397 0.031799410029498446
3 0.7722047244094488 0.32351032448377576 0.011988188976378015 0.04182890855457229