5 0.10516999460334592 0.432658371040724 0.013648138154344317 0.023597285067873317
5 0.31974096060442525 0.45755656108597287 0.010701565029681559 0.02487556561085974
5 0.6301565029681597 0.47522624434389144 0.020356179168915165 0.038846153846153884
4 0.8261521856449001 0.7316968325791855 0.07025903939557478 0.023755656108597284
4 0.7199514301133297 0.6881787330316742 0.06777118186724226 0.02222850678733016
4 0.8260226659471127 0.7048076923076922 0.07209390178089592 0.024072398190045217
4 0.8255261737722612 0.6781674208144797 0.07110091743119266 0.02470588235294134
4 0.8260334592552618 0.6501583710407239 0.06907177549919039 0.02487556561085974
4 0.8275013491635186 0.6232692307692308 0.07200215866162983 0.027579185520362114
4 0.8270264436049649 0.5926923076923077 0.06876956287101987 0.028902714932126646
4 0.7206368051807879 0.6619683257918553 0.0680032379924448 0.02519230769230767
4 0.7203723691311387 0.6266176470588236 0.06861305990286015 0.03764705882352938
4 0.7200485698866703 0.5923529411764705 0.06834322719913646 0.026391402714932302