5 0.10516999460334592 0.567341628959276 0.013648138154344317 0.023597285067873317
5 0.31974096060442525 0.5424434389140271 0.010701565029681559 0.02487556561085974
5 0.6301565029681597 0.5247737556561086 0.020356179168915165 0.038846153846153884
4 0.8261521856449001 0.2683031674208145 0.07025903939557478 0.023755656108597284
4 0.7199514301133297 0.31182126696832574 0.06777118186724226 0.02222850678733029
4 0.8260226659471127 0.2951923076923077 0.07209390178089592 0.024072398190045217
4 0.8255261737722612 0.3218325791855204 0.07110091743119266 0.024705882352941213
4 0.8260334592552618 0.349841628959276 0.06907177549919039 0.02487556561085974
4 0.8275013491635186 0.3767307692307692 0.07200215866162983 0.027579185520361985
4 0.8270264436049649 0.4073076923076923 0.06876956287101987 0.028902714932126646
4 0.7206368051807879 0.3380316742081448 0.0680032379924448 0.02519230769230767
4 0.7203723691311387 0.37338235294117644 0.06861305990286015 0.03764705882352938
4 0.7200485698866703 0.4076470588235294 0.06834322719913646 0.026391402714932174