4 0.5569347004856988 0.31504524886877827 0.06368051807879115 0.03959276018099547
4 0.5574743658931463 0.2675339366515837 0.06475984889368591 0.05995475113122172
4 0.5566648677819752 0.43721719457013575 0.06422018348623854 0.032805429864253395
4 0.6192660550458715 0.6600678733031674 0.022126281705342688 0.0418552036199095
4 0.6179168915272532 0.6402714932126696 0.0248246087425796 0.07918552036199095
4 0.5566648677819752 0.3557692307692308 0.06422018348623854 0.0418552036199095
4 0.5569347004856988 0.3953619909502262 0.06368051807879115 0.032805429864253395
4 0.6168375607123583 0.5797511312217195 0.03345925526173772 0.048642533936651584
3 0.6173772261198057 0.5152714932126696 0.03345925526173772 0.08484162895927602
2 0.3683756071235834 0.40010180995475114 0.018219104155423632 0.0074999999999999945
2 0.3681813275769023 0.4083710407239819 0.017895304910955253 0.007217194570135741
5 0.21034538586076632 0.42959276018099546 0.007722611980572016 0.01544117647058821