4 0.5569347004856988 0.6849547511312217 0.06368051807879115 0.03959276018099547
4 0.5574743658931463 0.7324660633484162 0.06475984889368591 0.05995475113122172
4 0.5566648677819752 0.5627828054298643 0.06422018348623854 0.032805429864253395
4 0.6192660550458715 0.3399321266968326 0.022126281705342688 0.0418552036199095
4 0.6179168915272532 0.3597285067873303 0.0248246087425796 0.07918552036199095
4 0.5566648677819752 0.6442307692307693 0.06422018348623854 0.0418552036199095
4 0.5569347004856988 0.6046380090497737 0.06368051807879115 0.032805429864253395
4 0.6168375607123583 0.42024886877828055 0.03345925526173772 0.048642533936651584
3 0.6173772261198057 0.4847285067873303 0.03345925526173772 0.08484162895927602
2 0.3683756071235834 0.5998981900452488 0.018219104155423632 0.007500000000000124
2 0.3681813275769023 0.5916289592760181 0.017895304910955253 0.0072171945701358705
5 0.21034538586076632 0.5704072398190045 0.007722611980572016 0.01544117647058821