5 0.17027027027027028 0.4931787175989086 0.012972972972972972 0.02592087312414734
5 0.55 0.504774897680764 0.01027027027027027 0.02455661664392906
5 0.5016216216216216 0.46725784447476126 0.008648648648648649 0.0286493860845839
5 0.37972972972972974 0.49590723055934516 0.007027027027027027 0.036834924965893585
1 0.27297297297297296 0.48567530695770805 0.015135135135135135 0.03274215552523874
3 0.2515243243243243 0.6194270122783083 0.023999999999999987 0.05792633015006826
5 0.35195135135135136 0.4984720327421555 0.008281081081081047 0.02462482946793991
0 0.35235135135135137 0.515743519781719 0.0062000000000000145 0.008294679399727204
0 0.27184864864864866 0.5062482946793997 0.0073459459459459635 0.010750341064120048
2 0.32311351351351353 0.48800818553888126 0.01607567567567568 0.0119645293315143
2 0.32327567567567567 0.49890859481582533 0.014702702702702727 0.007544338335607057
5 0.580118918918919 0.4724420190995907 0.006616216216216098 0.017366984993178743
5 0.47934054054054054 0.47948158253751705 0.006178378378378413 0.024693042291950917