5 0.17027027027027028 0.5068212824010914 0.012972972972972972 0.02592087312414734
5 0.55 0.495225102319236 0.01027027027027027 0.02455661664392906
5 0.5016216216216216 0.5327421555252387 0.008648648648648649 0.0286493860845839
5 0.37972972972972974 0.5040927694406548 0.007027027027027027 0.036834924965893585
1 0.27297297297297296 0.514324693042292 0.015135135135135135 0.03274215552523874
3 0.2515243243243243 0.3805729877216916 0.023999999999999987 0.05792633015006826
5 0.35195135135135136 0.5015279672578444 0.008281081081081047 0.02462482946793991
0 0.35235135135135137 0.484256480218281 0.0062000000000000145 0.008294679399727204
0 0.27184864864864866 0.4937517053206003 0.0073459459459459635 0.010750341064120048
2 0.32311351351351353 0.5119918144611187 0.01607567567567568 0.0119645293315143
2 0.32327567567567567 0.5010914051841746 0.014702702702702727 0.007544338335607057
5 0.580118918918919 0.5275579809004093 0.006616216216216098 0.017366984993178743
5 0.47934054054054054 0.520518417462483 0.006178378378378413 0.024693042291950917