2 0.8022894168466522 0.4560136054421769 0.05888768898488118 0.028802721088435318
2 0.7136933045356372 0.34944217687074824 0.05657127429805615 0.03380952380952384
2 0.7352915766738661 0.27537414965986395 0.07149028077753784 0.045659863945578236
2 0.7354481641468682 0.24244897959183673 0.07755939524838006 0.037646258503401385
2 0.7362095032397409 0.19439455782312925 0.07271598272138233 0.05250340136054424
4 0.7203239740820734 0.3139047619047619 0.02431425485961134 0.028952380952380993
4 0.723768898488121 0.156421768707483 0.026306695464362744 0.03202721088435373
3 0.6171166306695465 0.3544489795918367 0.018304535637149077 0.04270748299319726
5 0.5904643628509719 0.37485714285714283 0.00753779697624192 0.01783673469387757
4 0.2815658747300216 0.3381904761904762 0.013979481641468706 0.015074829931972768
4 0.28231101511879053 0.3802721088435374 0.014287257019438464 0.015673469387755077
2 0.2759071274298056 0.35967346938775513 0.03542656587473 0.022231292517006847
2 0.2869114470842333 0.3990068027210884 0.03376349892008638 0.01650340136054421
4 0.3331533477321814 0.44670748299319724 0.02634449244060473 0.010272108843537353
4 0.33332073434125264 0.45438095238095244 0.02700323974082073 0.007224489795918293
4 0.33368250539956806 0.46278911564625846 0.026684665226781895 0.009306122448979635