2 0.8022894168466522 0.5439863945578232 0.05888768898488118 0.028802721088435318
2 0.7136933045356372 0.6505578231292517 0.05657127429805615 0.03380952380952384
2 0.7352915766738661 0.724625850340136 0.07149028077753784 0.04565986394557816
2 0.7354481641468682 0.7575510204081632 0.07755939524838006 0.03764625850340146
2 0.7362095032397409 0.8056054421768708 0.07271598272138233 0.05250340136054411
4 0.7203239740820734 0.6860952380952381 0.02431425485961134 0.028952380952380917
4 0.723768898488121 0.843578231292517 0.026306695464362744 0.032027210884353695
3 0.6171166306695465 0.6455510204081633 0.018304535637149077 0.04270748299319726
5 0.5904643628509719 0.6251428571428572 0.00753779697624192 0.01783673469387757
4 0.2815658747300216 0.6618095238095238 0.013979481641468736 0.015074829931972844
4 0.28231101511879053 0.6197278911564625 0.014287257019438464 0.015673469387755077
2 0.2759071274298056 0.6403265306122449 0.03542656587472997 0.022231292517006847
2 0.2869114470842333 0.6009931972789115 0.03376349892008638 0.01650340136054421
4 0.3331533477321814 0.5532925170068027 0.02634449244060473 0.010272108843537353
4 0.33332073434125264 0.5456190476190476 0.02700323974082073 0.007224489795918293
4 0.33368250539956806 0.5372108843537415 0.026684665226781895 0.009306122448979635