4 0.02455183585313175 0.22025850340136052 0.0491036717062635 0.042054421768707516
4 0.04584773218142548 0.29367346938775507 0.09169546436285096 0.06189115646258505
4 0.42707343412527 0.26727891156462585 0.019368250539956746 0.031782312925170086
2 0.4326403887688985 0.31360544217687075 0.03663066954643624 0.05232653061224487
4 0.1451511879049676 0.5048843537414965 0.09510799136069113 0.045700680272108885
4 0.1517818574514039 0.5462721088435374 0.08221922246220302 0.02110204081632652
4 0.14975701943844494 0.5749387755102041 0.07966522678185743 0.03761904761904759
4 0.7634233261339093 0.3125170068027211 0.014519438444924338 0.011074829931972771
4 0.7614470842332614 0.3580680272108844 0.014157667386608962 0.010993197278911621
2 0.7562742980561554 0.33355102040816326 0.03723002159827204 0.024598639455782292
2 0.7676025917926566 0.3739863945578231 0.03806695464362851 0.017074829931972728
4 0.8190604751619871 0.435578231292517 0.03159827213822893 0.019170068027210926
4 0.818450323974082 0.45107482993197284 0.031225701943844452 0.011088435374149629