5 0.5075553157042634 0.5729638009049773 0.01025364274150027 0.021493212669683258
5 0.24986508364813814 0.542420814479638 0.009713977334052886 0.021493212669683258
5 0.5876956287101996 0.5639140271493213 0.009713977334052886 0.021493212669683258
5 0.5876956287101996 0.5418552036199095 0.009713977334052886 0.02262443438914027
5 0.3896384241770103 0.5876696832579186 0.007555315704263357 0.023755656108597284
3 0.42336751214247165 0.5248868778280543 0.008094981111710739 0.020361990950226245
3 0.5443335132218025 0.5438800904977376 0.002412304371289815 0.005328054298642575
3 0.5091905018888289 0.5471493212669684 0.0023205612520237205 0.005599547511312268
3 0.2579600647598489 0.5243212669683258 0.007555315704263357 0.014705882352941176
3 0.24986508364813814 0.541289592760181 0.009713977334052886 0.021493212669683258
1 0.24932541824069077 0.5599547511312217 0.009713977334052886 0.01809954751131222
2 0.42122504047490555 0.5059502262443438 0.014846195358877491 0.006911764705882368
2 0.4208256880733945 0.5123529411764706 0.014042093901780886 0.0051357466063348
2 0.4351106314085267 0.5504411764705882 0.009077172153264942 0.004400452488687767
2 0.43491635186184563 0.5543891402714932 0.010172692930383113 0.0047737556561086286
2 0.4346627091203454 0.5585294117647059 0.009325418240690758 0.0033031674208144333