0 0.8413815434430653 0.5717081447963801 0.04397733405288709 0.07554298642533934
2 0.7862601187263897 0.2529185520361991 0.05785752833243391 0.07145927601809957
2 0.7881651376146789 0.3171493212669683 0.057048030221262834 0.04884615384615379
2 0.7823205612520238 0.3654638009049774 0.05796006475984894 0.03528280542986432
2 0.7827199136535349 0.4082692307692308 0.051759309228278386 0.043947963800905
2 0.48078791149487315 0.4729524886877828 0.020248246087425786 0.013484162895927555
2 0.4814031300593632 0.4854977375565611 0.021041554236373453 0.010927601809954715
2 0.48127900701565024 0.4969457013574661 0.02128980032379927 0.00641402714932122
2 0.4796114409066379 0.5018778280542987 0.021246627091203396 0.007861990950226296
5 0.5827630868861305 0.5225 0.0069832703723691604 0.017251131221719458
5 0.24088505126821372 0.5098642533936651 0.01131138694009716 0.025927601809954706
5 0.374123043712898 0.5524321266968326 0.007495952509444199 0.02236425339366514
5 0.06227199136535348 0.4905542986425339 0.01958985429033998 0.03558823529411769