0 0.8413815434430653 0.4282918552036199 0.04397733405288709 0.07554298642533934
2 0.7862601187263897 0.7470814479638008 0.05785752833243391 0.07145927601809964
2 0.7881651376146789 0.6828506787330316 0.057048030221262834 0.04884615384615392
2 0.7823205612520238 0.6345361990950227 0.05796006475984894 0.03528280542986432
2 0.7827199136535349 0.5917307692307692 0.051759309228278386 0.04394796380090488
2 0.48078791149487315 0.5270475113122173 0.020248246087425786 0.013484162895927555
2 0.4814031300593632 0.5145022624434389 0.021041554236373453 0.010927601809954715
2 0.48127900701565024 0.5030542986425339 0.02128980032379927 0.00641402714932122
2 0.4796114409066379 0.49812217194570135 0.021246627091203396 0.007861990950226296
5 0.5827630868861305 0.47750000000000004 0.0069832703723691604 0.017251131221719458
5 0.24088505126821372 0.4901357466063348 0.01131138694009716 0.025927601809954706
5 0.374123043712898 0.4475678733031674 0.007495952509444199 0.02236425339366514
5 0.06227199136535348 0.5094457013574661 0.01958985429033998 0.03558823529411769