4 0.7245008094981111 0.7245475113122172 0.0901241230437129 0.05090497737556561
4 0.6214247166756611 0.7347285067873304 0.08256880733944955 0.053167420814479636
4 0.6225040474905559 0.6600678733031674 0.08472746896923908 0.09615384615384616
4 0.7390717754991905 0.8229638009049773 0.02644360496492175 0.05542986425339366
4 0.6745817593092283 0.7596153846153846 0.1867242309767944 0.08031674208144797
4 0.6203453858607664 0.7748868778280543 0.05774419859686994 0.033936651583710405
4 0.7218024824608743 0.8263574660633484 0.06098219104155424 0.06221719457013575
4 0.7258499730167296 0.6527149321266968 0.09174311926605505 0.09502262443438914
4 0.7088505126821371 0.8286199095022625 0.03507825148407987 0.057692307692307696
5 0.39989206691851054 0.38461538461538464 0.005396654074473826 0.011312217194570135
5 0.3478143550998381 0.3953619909502262 0.004856988667026443 0.012443438914027148
5 0.31084727468969237 0.3897058823529412 0.005396654074473826 0.012443438914027148