4 0.7245008094981111 0.2754524886877828 0.0901241230437129 0.05090497737556561
4 0.6214247166756611 0.2652714932126697 0.08256880733944955 0.053167420814479636
4 0.6225040474905559 0.3399321266968326 0.08472746896923908 0.09615384615384616
4 0.7390717754991905 0.17703619909502263 0.02644360496492175 0.05542986425339366
4 0.6745817593092283 0.2403846153846154 0.1867242309767944 0.08031674208144797
4 0.6203453858607664 0.2251131221719457 0.05774419859686994 0.033936651583710405
4 0.7218024824608743 0.17364253393665158 0.06098219104155424 0.06221719457013575
4 0.7258499730167296 0.34728506787330315 0.09174311926605505 0.09502262443438914
4 0.7088505126821371 0.17138009049773756 0.03507825148407987 0.057692307692307696
5 0.39989206691851054 0.6153846153846154 0.005396654074473826 0.011312217194570135
5 0.3478143550998381 0.6046380090497737 0.004856988667026443 0.012443438914027148
5 0.31084727468969237 0.6102941176470589 0.005396654074473826 0.012443438914027148