3 0.740113329735564 0.44673076923076926 0.028575283324338813 0.06891402714932122
1 0.6299298434970318 0.4117307692307693 0.017895304910955128 0.03684389140271499
3 0.4350944414463033 0.5042307692307693 0.011122504047490501 0.027217194570135685
3 0.7955909336211548 0.4231561085972851 0.008456556934700526 0.02403846153846154
5 0.2471721532649757 0.45102941176470585 0.010350782514840772 0.02521493212669679
4 0.7676956287101997 0.38562217194570136 0.004851592012951852 0.005769230769230795
2 0.7690393955747437 0.39225113122171945 0.01577981651376135 0.005407239819004494
2 0.7686508364813815 0.40350678733031675 0.015018888289260618 0.009253393665158314
2 0.768645439827307 0.41371040723981906 0.014414463032919609 0.007511312217194555
2 0.7682892606583919 0.42183257918552036 0.015439827307069685 0.006052036199095048
2 0.7686400431732325 0.42961538461538457 0.015957906098219194 0.006572398190045187