5 0.39287641662169454 0.48755656108597284 0.010793308148947653 0.02262443438914027
3 0.576092822450081 0.4485294117647059 0.028602266594711278 0.06447963800904978
1 0.576092822450081 0.501131221719457 0.028602266594711278 0.05656108597285068
5 0.5453318942255801 0.49377828054298645 0.0124123043712898 0.04638009049773756
5 0.6891527253103076 0.498868778280543 0.008634646519158122 0.01809954751131222
3 0.617415002698327 0.49808823529411766 0.005304910955207732 0.011934389140271442
2 0.3167835941716136 0.4145927601809955 0.028062601187263895 0.019230769230769232
2 0.29355639503507824 0.3452828054298643 0.018089584457636254 0.024219457013574624
2 0.29414463032919586 0.3694004524886878 0.01707501349163524 0.011210407239818969
2 0.29415002698327036 0.3924321266968326 0.01635725849973014 0.015927601809954797
2 0.6984403669724771 0.4378619909502262 0.02793847814355099 0.020395927601809923
2 0.6987965461413923 0.4589140271493213 0.025968699406367993 0.022420814479638066
2 0.7224015110631408 0.41477375565610863 0.020356179168915165 0.020395927601809923
5 0.49896384241770103 0.49618778280542986 0.0058499730167295835 0.012285067873303183
3 0.16177549919050188 0.49424208144796383 0.006373448461953559 0.012635746606334795