5 0.087015625 0.393078125 0.04903124999999999 0.046578124999999915
5 0.95065625 0.42396874999999995 0.05062500000000014 0.04442187499999992
5 0.640203125 0.45181250000000006 0.03921875000000004 0.03960937500000004
5 0.549328125 0.47876562500000003 0.03965624999999999 0.042640624999999946
5 0.44575 0.38871875 0.035578124999999974 0.03484375000000002
5 0.381953125 0.360828125 0.01996874999999996 0.01849999999999996
5 0.365421875 0.3480625 0.015374999999999962 0.013656250000000014
5 0.33346875 0.33614062499999997 0.004578125000000011 0.005250000000000021
5 0.240078125 0.34821875 0.01328125 0.013359375000000017
5 0.177890625 0.360125 0.021781249999999995 0.021796874999999983
1 0.594953125 0.47390625000000003 0.04360937499999995 0.03526562500000008